,formula,space_group,structure,elastic_anisotropy,G_Reuss,G_VRH,G_Voigt,K_Reuss,K_VRH,K_Voigt,poisson_ratio,compliance_tensor,elastic_tensor,elastic_tensor_original,composition,MagpieData minimum Number,MagpieData maximum Number,MagpieData range Number,MagpieData mean Number,MagpieData avg_dev Number,MagpieData mode Number,MagpieData minimum MendeleevNumber,MagpieData maximum MendeleevNumber,MagpieData range MendeleevNumber,MagpieData mean MendeleevNumber,MagpieData avg_dev MendeleevNumber,MagpieData mode MendeleevNumber,MagpieData minimum AtomicWeight,MagpieData maximum AtomicWeight,MagpieData range AtomicWeight,MagpieData mean AtomicWeight,MagpieData avg_dev AtomicWeight,MagpieData mode AtomicWeight,MagpieData minimum MeltingT,MagpieData maximum MeltingT,MagpieData range MeltingT,MagpieData mean MeltingT,MagpieData avg_dev MeltingT,MagpieData mode MeltingT,MagpieData minimum Column,MagpieData maximum Column,MagpieData range Column,MagpieData mean Column,MagpieData avg_dev Column,MagpieData mode Column,MagpieData minimum Row,MagpieData maximum Row,MagpieData range Row,MagpieData mean Row,MagpieData avg_dev Row,MagpieData mode Row,MagpieData minimum CovalentRadius,MagpieData maximum CovalentRadius,MagpieData range CovalentRadius,MagpieData mean CovalentRadius,MagpieData avg_dev CovalentRadius,MagpieData mode CovalentRadius,MagpieData minimum Electronegativity,MagpieData maximum Electronegativity,MagpieData range Electronegativity,MagpieData mean Electronegativity,MagpieData avg_dev Electronegativity,MagpieData mode Electronegativity,MagpieData minimum NsValence,MagpieData maximum NsValence,MagpieData range NsValence,MagpieData mean NsValence,MagpieData avg_dev NsValence,MagpieData mode NsValence,MagpieData minimum NpValence,MagpieData maximum NpValence,MagpieData range NpValence,MagpieData mean NpValence,MagpieData avg_dev NpValence,MagpieData mode NpValence,MagpieData minimum NdValence,MagpieData maximum NdValence,MagpieData range NdValence,MagpieData mean NdValence,MagpieData avg_dev NdValence,MagpieData mode NdValence,MagpieData minimum NfValence,MagpieData maximum NfValence,MagpieData range NfValence,MagpieData mean NfValence,MagpieData avg_dev NfValence,MagpieData mode NfValence,MagpieData minimum NValence,MagpieData maximum NValence,MagpieData range NValence,MagpieData mean NValence,MagpieData avg_dev NValence,MagpieData mode NValence,MagpieData minimum NsUnfilled,MagpieData maximum NsUnfilled,MagpieData range NsUnfilled,MagpieData mean NsUnfilled,MagpieData avg_dev NsUnfilled,MagpieData mode NsUnfilled,MagpieData minimum NpUnfilled,MagpieData maximum NpUnfilled,MagpieData range NpUnfilled,MagpieData mean NpUnfilled,MagpieData avg_dev NpUnfilled,MagpieData mode NpUnfilled,MagpieData minimum NdUnfilled,MagpieData maximum NdUnfilled,MagpieData range NdUnfilled,MagpieData mean NdUnfilled,MagpieData avg_dev NdUnfilled,MagpieData mode NdUnfilled,MagpieData minimum NfUnfilled,MagpieData maximum NfUnfilled,MagpieData range NfUnfilled,MagpieData mean NfUnfilled,MagpieData avg_dev NfUnfilled,MagpieData mode NfUnfilled,MagpieData minimum NUnfilled,MagpieData maximum NUnfilled,MagpieData range NUnfilled,MagpieData mean NUnfilled,MagpieData avg_dev NUnfilled,MagpieData mode NUnfilled,MagpieData minimum GSvolume_pa,MagpieData maximum GSvolume_pa,MagpieData range GSvolume_pa,MagpieData mean GSvolume_pa,MagpieData avg_dev GSvolume_pa,MagpieData mode GSvolume_pa,MagpieData minimum GSbandgap,MagpieData maximum GSbandgap,MagpieData range GSbandgap,MagpieData mean GSbandgap,MagpieData avg_dev GSbandgap,MagpieData mode GSbandgap,MagpieData minimum GSmagmom,MagpieData maximum GSmagmom,MagpieData range GSmagmom,MagpieData mean GSmagmom,MagpieData avg_dev GSmagmom,MagpieData mode GSmagmom,MagpieData minimum SpaceGroupNumber,MagpieData maximum SpaceGroupNumber,MagpieData range SpaceGroupNumber,MagpieData mean SpaceGroupNumber,MagpieData avg_dev SpaceGroupNumber,MagpieData mode SpaceGroupNumber,composition_oxid,minimum oxidation state,maximum oxidation state,range oxidation state,std_dev oxidation state,density,vpa,packing fraction
0,Al(CoSi)2,164,"Full Formula (Al1 Co2 Si2)
Reduced Formula: Al(CoSi)2
abc   :   3.932782   3.932783   4.627777
angles:  90.000000  90.000000 120.000006
Sites (5)
  #  SP           a         b         c
---  ----  --------  --------  --------
  0  Al    0         0         0
  1  Co    0.666667  0.333333  0.162667
  2  Co    0.333333  0.666667  0.837333
  3  Si    0.333333  0.666667  0.34766
  4  Si    0.666667  0.333333  0.65234",0.2669096629,93.9396497627,96.252005731,98.5643616992,173.647763284,175.449906754,177.252050225,0.2681053512,"[[ 3.77154290e-03 -8.44229800e-04 -7.84664500e-04 -1.39448800e-04
   1.54886000e-05  2.92740000e-06]
 [-8.44229800e-04  3.85425600e-03 -7.60763200e-04  1.05395800e-04
   1.87337000e-05  4.72770000e-06]
 [-7.84664500e-04 -7.60763200e-04  2.91230040e-03 -1.60940000e-06
   1.01615000e-05  3.18620000e-06]
 [-1.39448800e-04  1.05395800e-04 -1.60940000e-06  1.32850838e-02
  -2.12000000e-07 -2.33000000e-08]
 [ 1.54886000e-05  1.87337000e-05  1.01615000e-05 -2.12000000e-07
   1.32370597e-02 -2.41399300e-04]
 [ 2.92740000e-06  4.72770000e-06  3.18620000e-06 -2.33000000e-08
  -2.41399300e-04  9.46650900e-03]]","[[ 3.06933574e+02  8.80263496e+01  1.05695672e+02  2.53622023e+00
  -5.68262063e-01 -1.88934450e-01]
 [ 8.80263496e+01  2.98868704e+02  1.01790343e+02 -1.43474154e+00
  -6.08260788e-01 -2.26252935e-01]
 [ 1.05695672e+02  1.01790343e+02  3.98441446e+02  3.50165867e-01
  -5.77829367e-01 -2.32358330e-01]
 [ 2.53622023e+00 -1.43474154e+00  3.50165867e-01  7.53104358e+01
   0.00000000e+00  0.00000000e+00]
 [-5.68262063e-01 -6.08260788e-01 -5.77829367e-01  0.00000000e+00
   7.55826087e+01  1.92805683e+00]
 [-1.88934450e-01 -2.26252935e-01 -2.32358330e-01  0.00000000e+00
   1.92805683e+00  1.05684978e+02]]","[[ 3.06933574e+02  8.80263496e+01  1.05695672e+02  2.53622023e+00
  -5.68262063e-01 -1.88934450e-01]
 [ 8.80263496e+01  2.98868704e+02  1.01790343e+02 -1.43474154e+00
  -6.08260788e-01 -2.26252935e-01]
 [ 1.05695672e+02  1.01790343e+02  3.98441446e+02  3.50165867e-01
  -5.77829367e-01 -2.32358330e-01]
 [ 2.53622023e+00 -1.43474154e+00  3.50165867e-01  7.53104358e+01
   0.00000000e+00  0.00000000e+00]
 [-5.68262063e-01 -6.08260788e-01 -5.77829367e-01  0.00000000e+00
   7.55826087e+01  1.92805683e+00]
 [-1.88934450e-01 -2.26252935e-01 -2.32358330e-01  0.00000000e+00
   1.92805683e+00  1.05684978e+02]]",Al1 Co2 Si2,13.0,27.0,14.0,19.0,6.4,14.0,58.0,78.0,20.0,69.0,8.8,58.0,26.9815386,58.933195,31.951656399999997,40.20378572,14.983527423999998,28.0855,933.47,1768.0,834.53,1568.694,254.08960000000002,1687.0,9.0,14.0,5.0,11.8,2.2399999999999998,9.0,3.0,4.0,1.0,3.4,0.48,3.0,111.0,126.0,15.0,119.0,6.4,111.0,1.61,1.9,0.2899999999999998,1.834,0.08959999999999986,1.88,2.0,2.0,0.0,2.0,0.0,2.0,0.0,2.0,2.0,1.0,0.8,0.0,0.0,7.0,7.0,2.8,3.3599999999999994,0.0,0.0,0.0,0.0,0.0,0.0,0.0,3.0,9.0,6.0,5.8,2.5599999999999996,4.0,0.0,0.0,0.0,0.0,0.0,0.0,0.0,5.0,5.0,2.6,2.0799999999999996,0.0,0.0,3.0,3.0,1.2,1.44,0.0,0.0,0.0,0.0,0.0,0.0,0.0,3.0,5.0,2.0,3.8,0.64,3.0,10.245,20.44,10.195000000000002,15.569999999999999,4.260000000000001,10.245,0.0,0.773,0.773,0.30920000000000003,0.37104,0.0,0.0,1.5484712,1.5484712,0.61938848,0.743266176,0.0,194.0,227.0,33.0,213.4,15.52,194.0,Al3+1 Co2+1 Co3+1 Si4-2,-4,3,7,3.872983346207417,5.384968127661093,12.397465543082372,0.6443862199940624
1,Ga,63,"Full Formula (Ga4)
Reduced Formula: Ga
abc   :   2.803229   8.137928   3.363135
angles:  90.000000  90.000000  90.000000
Sites (4)
  #  SP      a         b     c
---  ----  ---  --------  ----
  0  Ga    0    0.133997  0.25
  1  Ga    0    0.866003  0.75
  2  Ga    0.5  0.633997  0.25
  3  Ga    0.5  0.366003  0.75",2.376805036,12.2059888389,15.1019006156,17.9978123924,49.0259626531,49.1306700392,49.2353774252,0.3605926165,"[[ 0.02164714 -0.00520726 -0.00852524  0.          0.          0.        ]
 [-0.00520726  0.01955794 -0.00854749  0.          0.          0.        ]
 [-0.00852524 -0.00854749  0.02375227  0.          0.          0.        ]
 [ 0.          0.          0.          0.05026291  0.          0.        ]
 [ 0.          0.          0.          0.          0.21017111  0.        ]
 [ 0.          0.          0.          0.          0.          0.03288449]]","[[69.28798775 34.78750152 37.38770853  0.          0.          0.        ]
 [34.78750152 78.13789941 40.60474945  0.          0.          0.        ]
 [37.38770853 40.60474945 70.13259067  0.          0.          0.        ]
 [ 0.          0.          0.         19.89538424  0.          0.        ]
 [ 0.          0.          0.          0.          4.75802777  0.        ]
 [ 0.          0.          0.          0.          0.         30.40947718]]","[[70.13259067 40.60474945 37.38770853  0.          0.          0.        ]
 [40.60474945 78.13789941 34.78750152  0.          0.          0.        ]
 [37.38770853 34.78750152 69.28798775  0.          0.          0.        ]
 [ 0.          0.          0.         30.40947718  0.          0.        ]
 [ 0.          0.          0.          0.          4.75802777  0.        ]
 [ 0.          0.          0.          0.          0.         19.89538424]]",Ga1,31.0,31.0,0.0,31.0,0.0,31.0,74.0,74.0,0.0,74.0,0.0,74.0,69.723,69.723,0.0,69.723,0.0,69.723,302.91,302.91,0.0,302.91,0.0,302.91,13.0,13.0,0.0,13.0,0.0,13.0,4.0,4.0,0.0,4.0,0.0,4.0,122.0,122.0,0.0,122.0,0.0,122.0,1.81,1.81,0.0,1.81,0.0,1.81,2.0,2.0,0.0,2.0,0.0,2.0,1.0,1.0,0.0,1.0,0.0,1.0,10.0,10.0,0.0,10.0,0.0,10.0,0.0,0.0,0.0,0.0,0.0,0.0,13.0,13.0,0.0,13.0,0.0,13.0,0.0,0.0,0.0,0.0,0.0,0.0,5.0,5.0,0.0,5.0,0.0,5.0,0.0,0.0,0.0,0.0,0.0,0.0,0.0,0.0,0.0,0.0,0.0,0.0,5.0,5.0,0.0,5.0,0.0,5.0,18.8575,18.8575,0.0,18.8575,0.0,18.8575,0.0,0.0,0.0,0.0,0.0,0.0,0.0,0.0,0.0,0.0,0.0,0.0,64.0,64.0,0.0,64.0,0.0,64.0,Ga0+1,0,0,0,0.0,6.036266881013619,19.180358924274437,0.4798018700405435
2,Nb4CoSi,124,"Full Formula (Nb8 Co2 Si2)
Reduced Formula: Nb4CoSi
abc   :   6.221780   6.221780   5.022400
angles:  90.000000  90.000000  90.000000
Sites (12)
  #  SP           a         b     c
---  ----  --------  --------  ----
  0  Nb    0.152391  0.333153  0.5
  1  Nb    0.847609  0.666847  0.5
  2  Nb    0.666847  0.152391  0.5
  3  Nb    0.333153  0.847609  0.5
  4  Nb    0.847609  0.333153  0
  5  Nb    0.666847  0.847609  0
  6  Nb    0.333153  0.152391  0
  7  Nb    0.152391  0.666847  0
  8  Co    0         0         0.75
  9  Co    0         0         0.25
 10  Si    0.5       0.5       0.75
 11  Si    0.5       0.5       0.25",0.0306879171,96.8445345574,97.1416044794,97.4386744013,194.267622778,194.268884359,194.270145941,0.2857007425,"[[ 4.38529310e-03 -1.60706940e-03 -1.05529930e-03  0.00000000e+00
   1.92240000e-06  0.00000000e+00]
 [-1.60706940e-03  4.38545310e-03 -1.05523870e-03  0.00000000e+00
   2.03250000e-06  0.00000000e+00]
 [-1.05529930e-03 -1.05523870e-03  3.81200670e-03  0.00000000e+00
   1.77050000e-06  0.00000000e+00]
 [ 0.00000000e+00  0.00000000e+00  0.00000000e+00  1.01093644e-02
   0.00000000e+00  0.00000000e+00]
 [ 1.92240000e-06  2.03250000e-06  1.77050000e-06  0.00000000e+00
   1.01090854e-02  0.00000000e+00]
 [ 0.00000000e+00  0.00000000e+00  0.00000000e+00  0.00000000e+00
   0.00000000e+00  9.67687630e-03]]","[[ 3.11335146e+02  1.44450926e+02  1.26175581e+02  0.00000000e+00
  -1.10347467e-01  0.00000000e+00]
 [ 1.44450926e+02  3.11320432e+02  1.26168858e+02  0.00000000e+00
  -1.12160678e-01  0.00000000e+00]
 [ 1.26175581e+02  1.26168858e+02  3.32185004e+02  0.00000000e+00
  -1.07540953e-01  0.00000000e+00]
 [ 0.00000000e+00  0.00000000e+00  0.00000000e+00  9.89181876e+01
   0.00000000e+00  0.00000000e+00]
 [-1.10347467e-01 -1.12160678e-01 -1.07540953e-01  0.00000000e+00
   9.89209795e+01  0.00000000e+00]
 [ 0.00000000e+00  0.00000000e+00  0.00000000e+00  0.00000000e+00
   0.00000000e+00  1.03339132e+02]]","[[ 3.11335146e+02  1.44450926e+02  1.26175581e+02  0.00000000e+00
  -1.10347467e-01  0.00000000e+00]
 [ 1.44450926e+02  3.11320432e+02  1.26168858e+02  0.00000000e+00
  -1.12160678e-01  0.00000000e+00]
 [ 1.26175581e+02  1.26168858e+02  3.32185004e+02  0.00000000e+00
  -1.07540953e-01  0.00000000e+00]
 [ 0.00000000e+00  0.00000000e+00  0.00000000e+00  9.89181876e+01
   0.00000000e+00  0.00000000e+00]
 [-1.10347467e-01 -1.12160678e-01 -1.07540953e-01  0.00000000e+00
   9.89209795e+01  0.00000000e+00]
 [ 0.00000000e+00  0.00000000e+00  0.00000000e+00  0.00000000e+00
   0.00000000e+00  1.03339132e+02]]",Nb4 Co1 Si1,14.0,41.0,27.0,34.166666666666664,9.111111111111112,41.0,47.0,78.0,31.0,54.0,9.333333333333334,47.0,28.0855,92.90638,64.82088,76.4407025,21.954236666666663,92.90638,1687.0,2750.0,1063.0,2409.1666666666665,454.4444444444445,2750.0,5.0,14.0,9.0,7.166666666666667,2.888888888888889,5.0,3.0,5.0,2.0,4.5,0.6666666666666666,5.0,111.0,164.0,53.0,148.83333333333334,20.222222222222218,164.0,1.6,1.9,0.2999999999999998,1.696666666666667,0.12888888888888891,1.6,1.0,2.0,1.0,1.3333333333333333,0.4444444444444444,1.0,0.0,2.0,2.0,0.3333333333333333,0.5555555555555555,0.0,0.0,7.0,7.0,3.8333333333333335,1.2777777777777777,4.0,0.0,0.0,0.0,0.0,0.0,0.0,4.0,9.0,5.0,5.5,1.1666666666666667,5.0,0.0,1.0,1.0,0.6666666666666666,0.4444444444444444,1.0,0.0,4.0,4.0,0.6666666666666666,1.111111111111111,0.0,0.0,6.0,6.0,4.5,2.0,6.0,0.0,0.0,0.0,0.0,0.0,0.0,3.0,7.0,4.0,5.833333333333333,1.5555555555555556,7.0,10.245,20.44,10.195000000000002,17.234166666666667,2.3297222222222222,18.18,0.0,0.773,0.773,0.12883333333333333,0.21472222222222223,0.0,0.0,1.5484712,1.5484712,0.25807853333333336,0.4301308888888889,0.0,194.0,229.0,35.0,222.83333333333334,9.611111111111105,229.0,Nb0+4 Co0+1 Si0+1,0,0,0,0.0,7.834556442628767,16.20165400672101,0.688833751039263
3,SiOs,221,"Full Formula (Si1 Os1)
Reduced Formula: SiOs
abc   :   2.960692   2.960692   2.960692
angles:  90.000000  90.000000  90.000000
Sites (2)
  #  SP      a    b    c
---  ----  ---  ---  ---
  0  Si    0.5  0.5  0.5
  1  Os    0    0    0",0.7564891752,120.96228873,130.112954933,139.263621136,295.077544987,295.077544987,295.077544987,0.3077802924,"[[ 0.00199594 -0.00043315 -0.00043315  0.          0.          0.        ]
 [-0.00043315  0.00199594 -0.00043315  0.          0.          0.        ]
 [-0.00043315 -0.00043315  0.00199594  0.          0.          0.        ]
 [ 0.          0.          0.          0.01053961  0.          0.        ]
 [ 0.          0.          0.          0.          0.01053963  0.        ]
 [ 0.          0.          0.          0.          0.          0.01053962]]","[[569.52912769 157.85174897 157.85140728   0.           0.
    0.        ]
 [157.85174897 569.52962952 157.85159594   0.           0.
    0.        ]
 [157.85140728 157.85159594 569.5296433    0.           0.
    0.        ]
 [  0.           0.           0.          94.88014743   0.
    0.        ]
 [  0.           0.           0.           0.          94.87999745
    0.        ]
 [  0.           0.           0.           0.           0.
   94.88007803]]","[[569.52912769 157.85174897 157.85140728   0.           0.
    0.        ]
 [157.85174897 569.52962952 157.85159594   0.           0.
    0.        ]
 [157.85140728 157.85159594 569.5296433    0.           0.
    0.        ]
 [  0.           0.           0.          94.88014743   0.
    0.        ]
 [  0.           0.           0.           0.          94.87999745
    0.        ]
 [  0.           0.           0.           0.           0.
   94.88007803]]",Si1 Os1,14.0,76.0,62.0,45.0,31.0,14.0,57.0,78.0,21.0,67.5,10.5,57.0,28.0855,190.23,162.1445,109.15775,81.07225,28.0855,1687.0,3306.0,1619.0,2496.5,809.5,1687.0,8.0,14.0,6.0,11.0,3.0,8.0,3.0,6.0,3.0,4.5,1.5,3.0,111.0,144.0,33.0,127.5,16.5,111.0,1.9,2.2,0.30000000000000027,2.05,0.15000000000000013,1.9,2.0,2.0,0.0,2.0,0.0,2.0,0.0,2.0,2.0,1.0,1.0,0.0,0.0,6.0,6.0,3.0,3.0,0.0,0.0,14.0,14.0,7.0,7.0,0.0,4.0,22.0,18.0,13.0,9.0,4.0,0.0,0.0,0.0,0.0,0.0,0.0,0.0,4.0,4.0,2.0,2.0,0.0,0.0,4.0,4.0,2.0,2.0,0.0,0.0,0.0,0.0,0.0,0.0,0.0,4.0,4.0,0.0,4.0,0.0,4.0,14.09,20.44,6.350000000000001,17.265,3.1750000000000007,14.09,0.0,0.773,0.773,0.3865,0.3865,0.0,0.0,0.0,0.0,0.0,0.0,0.0,194.0,227.0,33.0,210.5,16.5,194.0,Si4-1 Os4+1,-4,4,8,5.656854249492381,13.96863526962571,12.976264667121844,0.5694262648607099
4,Ir,225,"Full Formula (Ir4)
Reduced Formula: Ir
abc   :   3.876616   3.876616   3.876616
angles:  90.000000  90.000000  90.000000
Sites (4)
  #  SP      a    b    c
---  ----  ---  ---  ---
  0  Ir    0    0    0
  1  Ir    0    0.5  0.5
  2  Ir    0.5  0    0.5
  3  Ir    0.5  0.5  0",0.1745398805,212.791803466,216.505869062,220.219934658,346.322761288,346.322761289,346.322761289,0.2413257749,"[[ 0.00225312 -0.00064531 -0.00064531  0.          0.          0.        ]
 [-0.00064531  0.00225312 -0.00064531  0.          0.          0.        ]
 [-0.00064531 -0.00064531  0.00225312  0.          0.          0.        ]
 [ 0.          0.          0.          0.0039678   0.          0.        ]
 [ 0.          0.          0.          0.          0.0039678   0.        ]
 [ 0.          0.          0.          0.          0.          0.0039678 ]]","[[576.3314487  231.31771069 231.31818523   0.           0.
    0.        ]
 [231.31771069 576.33202726 231.31840299   0.           0.
    0.        ]
 [231.31818523 231.31840299 576.33277782   0.           0.
    0.        ]
 [  0.           0.           0.         252.02855817   0.
    0.        ]
 [  0.           0.           0.           0.         252.02857686
    0.        ]
 [  0.           0.           0.           0.           0.
  252.0285533 ]]","[[576.3314487  231.31771069 231.31818523   0.           0.
    0.        ]
 [231.31771069 576.33202726 231.31840299   0.           0.
    0.        ]
 [231.31818523 231.31840299 576.33277782   0.           0.
    0.        ]
 [  0.           0.           0.         252.02855817   0.
    0.        ]
 [  0.           0.           0.           0.         252.02857686
    0.        ]
 [  0.           0.           0.           0.           0.
  252.0285533 ]]",Ir1,77.0,77.0,0.0,77.0,0.0,77.0,60.0,60.0,0.0,60.0,0.0,60.0,192.217,192.217,0.0,192.217,0.0,192.217,2739.0,2739.0,0.0,2739.0,0.0,2739.0,9.0,9.0,0.0,9.0,0.0,9.0,6.0,6.0,0.0,6.0,0.0,6.0,141.0,141.0,0.0,141.0,0.0,141.0,2.2,2.2,0.0,2.2,0.0,2.2,2.0,2.0,0.0,2.0,0.0,2.0,0.0,0.0,0.0,0.0,0.0,0.0,7.0,7.0,0.0,7.0,0.0,7.0,14.0,14.0,0.0,14.0,0.0,14.0,23.0,23.0,0.0,23.0,0.0,23.0,0.0,0.0,0.0,0.0,0.0,0.0,0.0,0.0,0.0,0.0,0.0,0.0,3.0,3.0,0.0,3.0,0.0,3.0,0.0,0.0,0.0,0.0,0.0,0.0,3.0,3.0,0.0,3.0,0.0,3.0,14.21,14.21,0.0,14.21,0.0,14.21,0.0,0.0,0.0,0.0,0.0,0.0,0.0,0.0,0.0,0.0,0.0,0.0,225.0,225.0,0.0,225.0,0.0,225.0,Ir0+1,0,0,0,0.0,21.91505333207338,14.564593246849025,0.7076060776589809
5,MgSbPd,216,"Full Formula (Mg4 Sb4 Pd4)
Reduced Formula: MgSbPd
abc   :   6.355357   6.355357   6.355357
angles:  90.000000  90.000000  90.000000
Sites (12)
  #  SP       a     b     c
---  ----  ----  ----  ----
  0  Mg    0.5   0     0
  1  Mg    0.5   0.5   0.5
  2  Mg    0     0     0.5
  3  Mg    0     0.5   0
  4  Sb    0     0     0
  5  Sb    0     0.5   0.5
  6  Sb    0.5   0     0.5
  7  Sb    0.5   0.5   0
  8  Pd    0.75  0.25  0.25
  9  Pd    0.75  0.75  0.75
 10  Pd    0.25  0.25  0.75
 11  Pd    0.25  0.75  0.25",0.1590632636,28.4578259027,28.9104853688,29.3631448349,80.6590789744,80.6590789768,80.6590789792,0.3399125376,"[[ 0.01570154 -0.00578454 -0.00578439  0.          0.          0.        ]
 [-0.00578454  0.01570186 -0.00578461  0.          0.          0.        ]
 [-0.00578439 -0.00578461  0.01570154  0.          0.          0.        ]
 [ 0.          0.          0.          0.02992657  0.          0.        ]
 [ 0.          0.          0.          0.          0.0299135   0.        ]
 [ 0.          0.          0.          0.          0.          0.0299139 ]]","[[111.68708946  65.14501365  65.14523463   0.           0.
    0.        ]
 [ 65.14501365 111.68577605  65.14539952   0.           0.
    0.        ]
 [ 65.14523463  65.14539952 111.6875497    0.           0.
    0.        ]
 [  0.           0.           0.          33.41512653   0.
    0.        ]
 [  0.           0.           0.           0.          33.42972767
    0.        ]
 [  0.           0.           0.           0.           0.
   33.42928083]]","[[111.68708946  65.14501365  65.14523463   0.           0.
    0.        ]
 [ 65.14501365 111.68577605  65.14539952   0.           0.
    0.        ]
 [ 65.14523463  65.14539952 111.6875497    0.           0.
    0.        ]
 [  0.           0.           0.          33.41512653   0.
    0.        ]
 [  0.           0.           0.           0.          33.42972767
    0.        ]
 [  0.           0.           0.           0.           0.
   33.42928083]]",Mg1 Sb1 Pd1,12.0,51.0,39.0,36.333333333333336,16.22222222222222,12.0,62.0,85.0,23.0,71.66666666666667,8.888888888888891,62.0,24.305,121.76,97.45500000000001,84.16166666666668,39.904444444444444,24.305,903.78,1828.05,924.27,1218.2766666666666,406.5155555555555,903.78,2.0,15.0,13.0,9.0,4.666666666666667,2.0,3.0,5.0,2.0,4.333333333333333,0.888888888888889,3.0,139.0,141.0,2.0,139.66666666666666,0.8888888888888857,139.0,1.31,2.2,0.8900000000000001,1.8533333333333335,0.36222222222222217,1.31,0.0,2.0,2.0,1.3333333333333333,0.888888888888889,0.0,0.0,3.0,3.0,1.0,1.3333333333333333,0.0,0.0,10.0,10.0,6.666666666666667,4.444444444444444,0.0,0.0,0.0,0.0,0.0,0.0,0.0,2.0,15.0,13.0,9.0,4.666666666666667,2.0,0.0,0.0,0.0,0.0,0.0,0.0,0.0,3.0,3.0,1.0,1.3333333333333333,0.0,0.0,0.0,0.0,0.0,0.0,0.0,0.0,0.0,0.0,0.0,0.0,0.0,0.0,3.0,3.0,1.0,1.3333333333333333,0.0,14.41,31.56,17.15,22.953333333333333,5.737777777777777,14.41,0.0,0.0,0.0,0.0,0.0,0.0,0.0,0.0,0.0,0.0,0.0,0.0,166.0,225.0,59.0,195.0,20.0,166.0,Mg0+1 Sb0+1 Pd0+1,0,0,0,0.0,6.533182906510755,21.391370394802973,0.5983917360507895
6,Li2SbPd,216,"Full Formula (Li8 Sb4 Pd4)
Reduced Formula: Li2SbPd
abc   :   6.391243   6.391243   6.391243
angles:  90.000000  90.000000  90.000000
Sites (16)
  #  SP       a     b     c
---  ----  ----  ----  ----
  0  Li    0.5   0     0
  1  Li    0.25  0.75  0.75
  2  Li    0.5   0.5   0.5
  3  Li    0.25  0.25  0.25
  4  Li    0     0     0.5
  5  Li    0.75  0.75  0.25
  6  Li    0     0.5   0
  7  Li    0.75  0.25  0.75
  8  Sb    0     0     0
  9  Sb    0     0.5   0.5
 10  Sb    0.5   0     0.5
 11  Sb    0.5   0.5   0
 12  Pd    0.75  0.25  0.25
 13  Pd    0.75  0.75  0.75
 14  Pd    0.25  0.25  0.75
 15  Pd    0.25  0.75  0.25",5.0405591716,17.8939538744,26.9135072058,35.9330605371,65.6266771779,65.6266771853,65.6266771926,0.319609355,"[[ 0.03899298 -0.01695636 -0.01695706  0.          0.          0.        ]
 [-0.01695636  0.03899215 -0.0169566   0.          0.          0.        ]
 [-0.01695706 -0.0169566   0.03899261  0.          0.          0.        ]
 [ 0.          0.          0.          0.01854378  0.          0.        ]
 [ 0.          0.          0.          0.          0.01854164  0.        ]
 [ 0.          0.          0.          0.          0.          0.01854157]]","[[77.54140874 59.66849349 59.6689736   0.          0.          0.        ]
 [59.66849349 77.54246726 59.66922388  0.          0.          0.        ]
 [59.6689736  59.66922388 77.5428368   0.          0.          0.        ]
 [ 0.          0.          0.         53.9264375   0.          0.        ]
 [ 0.          0.          0.          0.         53.93265007  0.        ]
 [ 0.          0.          0.          0.          0.         53.9328745 ]]","[[77.54140874 59.66849349 59.6689736   0.          0.          0.        ]
 [59.66849349 77.54246726 59.66922388  0.          0.          0.        ]
 [59.6689736  59.66922388 77.5428368   0.          0.          0.        ]
 [ 0.          0.          0.         53.9264375   0.          0.        ]
 [ 0.          0.          0.          0.         53.93265007  0.        ]
 [ 0.          0.          0.          0.          0.         53.9328745 ]]",Li2 Sb1 Pd1,3.0,51.0,48.0,25.75,22.75,3.0,1.0,85.0,84.0,37.25,36.25,1.0,6.941,121.76,114.819,60.5155,53.5745,6.941,453.69,1828.05,1374.36,909.8025,459.12375,453.69,1.0,15.0,14.0,6.75,5.75,1.0,2.0,5.0,3.0,3.5,1.5,2.0,128.0,139.0,11.0,133.5,5.5,128.0,0.98,2.2,1.2200000000000002,1.5525,0.5725,0.98,0.0,2.0,2.0,1.0,0.5,1.0,0.0,3.0,3.0,0.75,1.125,0.0,0.0,10.0,10.0,5.0,5.0,0.0,0.0,0.0,0.0,0.0,0.0,0.0,1.0,15.0,14.0,6.75,5.75,1.0,0.0,1.0,1.0,0.5,0.5,1.0,0.0,3.0,3.0,0.75,1.125,0.0,0.0,0.0,0.0,0.0,0.0,0.0,0.0,0.0,0.0,0.0,0.0,0.0,0.0,3.0,3.0,1.25,0.875,1.0,14.41,31.56,17.15,19.789166666649997,5.885416666674999,16.5933333333,0.0,0.0,0.0,0.0,0.0,0.0,0.0,0.0,0.0,0.0,0.0,0.0,166.0,229.0,63.0,212.25,23.125,229.0,Li0+2 Sb0+1 Pd0+1,0,0,0,0.0,6.15856764217459,16.316838220088115,0.7630796981675542
7,AlCo3C,221,"Full Formula (Al1 Co3 C1)
Reduced Formula: AlCo3C
abc   :   3.722314   3.722314   3.722314
angles:  90.000000  90.000000  90.000000
Sites (5)
  #  SP      a    b    c
---  ----  ---  ---  ---
  0  Al    0    0    0
  1  Co    0    0.5  0.5
  2  Co    0.5  0    0.5
  3  Co    0.5  0.5  0
  4  C     0.5  0.5  0.5",0.4209357457,111.795761039,116.501644242,121.207527445,234.454509641,234.454509647,234.454509654,0.2868521898,"[[ 0.00249419 -0.00053622 -0.00053623  0.          0.          0.        ]
 [-0.00053622  0.00249421 -0.00053623  0.          0.          0.        ]
 [-0.00053623 -0.00053623  0.00249418  0.          0.          0.        ]
 [ 0.          0.          0.          0.01086758  0.          0.        ]
 [ 0.          0.          0.          0.          0.01086757  0.        ]
 [ 0.          0.          0.          0.          0.          0.01086758]]","[[454.44599765 124.45737521 124.46029378   0.           0.
    0.        ]
 [124.45737521 454.44309243 124.45872283   0.           0.
    0.        ]
 [124.46029378 124.45872283 454.44871318   0.           0.
    0.        ]
 [  0.           0.           0.          92.01683938   0.
    0.        ]
 [  0.           0.           0.           0.          92.01687859
    0.        ]
 [  0.           0.           0.           0.           0.
   92.01678211]]","[[454.44599765 124.45737521 124.46029378   0.           0.
    0.        ]
 [124.45737521 454.44309243 124.45872283   0.           0.
    0.        ]
 [124.46029378 124.45872283 454.44871318   0.           0.
    0.        ]
 [  0.           0.           0.          92.01683938   0.
    0.        ]
 [  0.           0.           0.           0.          92.01687859
    0.        ]
 [  0.           0.           0.           0.           0.
   92.01678211]]",Al1 Co3 C1,6.0,27.0,21.0,20.0,8.4,27.0,58.0,77.0,19.0,64.8,8.16,58.0,12.0107,58.933195,46.922495,43.158364719999994,18.929796336,58.933195,933.47,3823.0,2889.5299999999997,2012.0940000000003,724.3624000000002,1768.0,9.0,14.0,5.0,10.8,2.16,9.0,2.0,4.0,2.0,3.4,0.72,4.0,76.0,126.0,50.0,115.0,15.6,126.0,1.61,2.55,0.9399999999999997,1.9600000000000002,0.23600000000000013,1.88,2.0,2.0,0.0,2.0,0.0,2.0,0.0,2.0,2.0,0.6,0.72,0.0,0.0,7.0,7.0,4.2,3.3599999999999994,7.0,0.0,0.0,0.0,0.0,0.0,0.0,3.0,9.0,6.0,6.8,2.6399999999999997,9.0,0.0,0.0,0.0,0.0,0.0,0.0,0.0,5.0,5.0,1.8,2.16,0.0,0.0,3.0,3.0,1.8,1.44,3.0,0.0,0.0,0.0,0.0,0.0,0.0,3.0,5.0,2.0,3.6,0.72,3.0,5.64,16.48,10.84,10.571000000000002,2.3636000000000017,10.245,0.0,4.496,4.496,0.8992000000000001,1.4387200000000002,0.0,0.0,1.5484712,1.5484712,0.92908272,0.743266176,1.5484712,194.0,225.0,31.0,200.2,9.919999999999993,194.0,Al0+1 Co0+3 C0+1,0,0,0,0.0,6.947764117928165,10.314994788496378,0.7859620065824204
8,Co,225,"Full Formula (Co4)
Reduced Formula: Co
abc   :   3.521918   3.521918   3.521918
angles:  90.000000  90.000000  90.000000
Sites (4)
  #  SP      a    b    c
---  ----  ---  ---  ---
  0  Co    0    0    0
  1  Co    0    0.5  0.5
  2  Co    0.5  0    0.5
  3  Co    0.5  0.5  0",1.1120580598,91.4911349545,101.665480354,111.839825753,211.57506362,211.575063659,211.575063699,0.2929112542,"[[ 0.00624481 -0.0023346  -0.00233463  0.          0.          0.        ]
 [-0.0023346   0.00624475 -0.00233468  0.          0.          0.        ]
 [-0.00233463 -0.00233468  0.00624472  0.          0.          0.        ]
 [ 0.          0.          0.          0.0067775   0.          0.        ]
 [ 0.          0.          0.          0.          0.0067775   0.        ]
 [ 0.          0.          0.          0.          0.          0.00677751]]","[[289.27611705 172.72028416 172.72179496   0.           0.
    0.        ]
 [172.72028416 289.28145966 172.72481617   0.           0.
    0.        ]
 [172.72179496 172.72481617 289.28420599   0.           0.
    0.        ]
 [  0.           0.           0.         147.54693302   0.
    0.        ]
 [  0.           0.           0.           0.         147.54702522
    0.        ]
 [  0.           0.           0.           0.           0.
  147.54687472]]","[[289.27611705 172.72028416 172.72179496   0.           0.
    0.        ]
 [172.72028416 289.28145966 172.72481617   0.           0.
    0.        ]
 [172.72179496 172.72481617 289.28420599   0.           0.
    0.        ]
 [  0.           0.           0.         147.54693302   0.
    0.        ]
 [  0.           0.           0.           0.         147.54702522
    0.        ]
 [  0.           0.           0.           0.           0.
  147.54687472]]",Co1,27.0,27.0,0.0,27.0,0.0,27.0,58.0,58.0,0.0,58.0,0.0,58.0,58.933195,58.933195,0.0,58.933195,0.0,58.933195,1768.0,1768.0,0.0,1768.0,0.0,1768.0,9.0,9.0,0.0,9.0,0.0,9.0,4.0,4.0,0.0,4.0,0.0,4.0,126.0,126.0,0.0,126.0,0.0,126.0,1.88,1.88,0.0,1.88,0.0,1.88,2.0,2.0,0.0,2.0,0.0,2.0,0.0,0.0,0.0,0.0,0.0,0.0,7.0,7.0,0.0,7.0,0.0,7.0,0.0,0.0,0.0,0.0,0.0,0.0,9.0,9.0,0.0,9.0,0.0,9.0,0.0,0.0,0.0,0.0,0.0,0.0,0.0,0.0,0.0,0.0,0.0,0.0,3.0,3.0,0.0,3.0,0.0,3.0,0.0,0.0,0.0,0.0,0.0,0.0,3.0,3.0,0.0,3.0,0.0,3.0,10.245,10.245,0.0,10.245,0.0,10.245,0.0,0.0,0.0,0.0,0.0,0.0,1.5484712,1.5484712,0.0,1.5484712,0.0,1.5484712,194.0,194.0,0.0,194.0,0.0,194.0,Co0+1,0,0,0,0.0,8.960481650734904,10.921385303995306,0.9436526972756045
9,SbIr,194,"Full Formula (Sb2 Ir2)
Reduced Formula: SbIr
abc   :   4.063084   4.063085   5.599457
angles:  90.000000  90.000000 119.999993
Sites (4)
  #  SP           a         b     c
---  ----  --------  --------  ----
  0  Sb    0.666667  0.333333  0.75
  1  Sb    0.333333  0.666667  0.25
  2  Ir    0         0         0.5
  3  Ir    0         0         0",0.5917117719,55.9833429934,59.2454096613,62.5074763291,159.560744507,160.280885962,161.001027418,0.3354562527,"[[ 7.78604750e-03 -4.33997100e-03 -1.09300290e-03  0.00000000e+00
   0.00000000e+00  1.28846000e-05]
 [-4.33997100e-03  7.67499480e-03 -1.07364350e-03  0.00000000e+00
   0.00000000e+00 -1.51491000e-05]
 [-1.09300290e-03 -1.07364350e-03  3.81939810e-03  0.00000000e+00
   0.00000000e+00  7.42300000e-07]
 [ 0.00000000e+00  0.00000000e+00  0.00000000e+00  1.51617418e-02
   0.00000000e+00  0.00000000e+00]
 [ 0.00000000e+00  0.00000000e+00  0.00000000e+00  0.00000000e+00
   1.51465869e-02  0.00000000e+00]
 [ 1.28846000e-05 -1.51491000e-05  7.42300000e-07  0.00000000e+00
   0.00000000e+00  2.46212075e-02]]","[[ 2.20061425e+02  1.38701519e+02  1.01964699e+02  0.00000000e+00
   0.00000000e+00 -3.28938450e-02]
 [ 1.38701519e+02  2.23048213e+02  1.02391887e+02  0.00000000e+00
   0.00000000e+00  6.15671217e-02]
 [ 1.01964699e+02  1.02391887e+02  3.19783399e+02  0.00000000e+00
   0.00000000e+00  0.00000000e+00]
 [ 0.00000000e+00  0.00000000e+00  0.00000000e+00  6.59554827e+01
   0.00000000e+00  0.00000000e+00]
 [ 0.00000000e+00  0.00000000e+00  0.00000000e+00  0.00000000e+00
   6.60214742e+01  0.00000000e+00]
 [-3.28938450e-02  6.15671217e-02  0.00000000e+00  0.00000000e+00
   0.00000000e+00  4.06154473e+01]]","[[ 2.20061425e+02  1.38701519e+02  1.01964699e+02  0.00000000e+00
   0.00000000e+00 -3.28938450e-02]
 [ 1.38701519e+02  2.23048213e+02  1.02391887e+02  0.00000000e+00
   0.00000000e+00  6.15671217e-02]
 [ 1.01964699e+02  1.02391887e+02  3.19783399e+02  0.00000000e+00
   0.00000000e+00  0.00000000e+00]
 [ 0.00000000e+00  0.00000000e+00  0.00000000e+00  6.59554827e+01
   0.00000000e+00  0.00000000e+00]
 [ 0.00000000e+00  0.00000000e+00  0.00000000e+00  0.00000000e+00
   6.60214742e+01  0.00000000e+00]
 [-3.28938450e-02  6.15671217e-02  0.00000000e+00  0.00000000e+00
   0.00000000e+00  4.06154473e+01]]",Sb1 Ir1,51.0,77.0,26.0,64.0,13.0,51.0,60.0,85.0,25.0,72.5,12.5,60.0,121.76,192.217,70.45700000000001,156.98850000000002,35.228500000000004,121.76,903.78,2739.0,1835.22,1821.3899999999999,917.61,903.78,9.0,15.0,6.0,12.0,3.0,9.0,5.0,6.0,1.0,5.5,0.5,5.0,139.0,141.0,2.0,140.0,1.0,139.0,2.05,2.2,0.15000000000000036,2.125,0.07500000000000018,2.05,2.0,2.0,0.0,2.0,0.0,2.0,0.0,3.0,3.0,1.5,1.5,0.0,7.0,10.0,3.0,8.5,1.5,7.0,0.0,14.0,14.0,7.0,7.0,0.0,15.0,23.0,8.0,19.0,4.0,15.0,0.0,0.0,0.0,0.0,0.0,0.0,0.0,3.0,3.0,1.5,1.5,0.0,0.0,3.0,3.0,1.5,1.5,0.0,0.0,0.0,0.0,0.0,0.0,0.0,3.0,3.0,0.0,3.0,0.0,3.0,14.21,31.56,17.349999999999998,22.884999999999998,8.674999999999999,14.21,0.0,0.0,0.0,0.0,0.0,0.0,0.0,0.0,0.0,0.0,0.0,0.0,166.0,225.0,59.0,195.5,29.5,166.0,Sb3-1 Ir3+1,-3,3,6,4.242640687119285,13.025327535488074,20.01374142390546,0.5765050309535076
10,SiRu2,62,"Full Formula (Si4 Ru8)
Reduced Formula: SiRu2
abc   :   4.037706   5.321360   7.460689
angles:  90.000000  90.000000  90.000000
Sites (12)
  #  SP       a         b         c
---  ----  ----  --------  --------
  0  Si    0.25  0.798239  0.401511
  1  Si    0.75  0.201761  0.598489
  2  Si    0.25  0.298239  0.098489
  3  Si    0.75  0.701761  0.901511
  4  Ru    0.75  0.01409   0.288438
  5  Ru    0.25  0.98591   0.711562
  6  Ru    0.75  0.51409   0.211562
  7  Ru    0.25  0.48591   0.788438
  8  Ru    0.25  0.333422  0.434959
  9  Ru    0.75  0.666578  0.565041
 10  Ru    0.25  0.833422  0.065041
 11  Ru    0.75  0.166578  0.934959",0.1969302452,100.11077277,101.947797912,103.784823054,255.055257401,256.768080753,258.480904105,0.324681755,"[[ 0.00410214 -0.0012722  -0.00110899  0.          0.          0.        ]
 [-0.0012722   0.00369167 -0.0013863   0.          0.          0.        ]
 [-0.00110899 -0.0013863   0.0036619   0.          0.          0.        ]
 [ 0.          0.          0.          0.00832558  0.          0.        ]
 [ 0.          0.          0.          0.          0.00797174  0.        ]
 [ 0.          0.          0.          0.          0.          0.01334974]]","[[349.37677662 186.67131003 176.47591881   0.           0.
    0.        ]
 [186.67131003 415.509772   213.8340145    0.           0.
    0.        ]
 [176.47591881 213.8340145  407.47910165   0.           0.
    0.        ]
 [  0.           0.           0.         120.11174096   0.
    0.        ]
 [  0.           0.           0.           0.         125.44309735
    0.        ]
 [  0.           0.           0.           0.           0.
   74.90780798]]","[[407.47910165 176.47591881 213.8340145    0.           0.
    0.        ]
 [176.47591881 349.37677662 186.67131003   0.           0.
    0.        ]
 [213.8340145  186.67131003 415.509772     0.           0.
    0.        ]
 [  0.           0.           0.          74.90780798   0.
    0.        ]
 [  0.           0.           0.           0.         120.11174096
    0.        ]
 [  0.           0.           0.           0.           0.
  125.44309735]]",Si1 Ru2,14.0,44.0,30.0,34.0,13.333333333333334,44.0,56.0,78.0,22.0,63.333333333333336,9.777777777777779,56.0,28.0855,101.07,72.9845,76.74183333333333,32.437555555555555,101.07,1687.0,2607.0,920.0,2300.3333333333335,408.88888888888886,2607.0,8.0,14.0,6.0,10.0,2.6666666666666665,8.0,3.0,5.0,2.0,4.333333333333333,0.888888888888889,5.0,111.0,146.0,35.0,134.33333333333334,15.555555555555552,146.0,1.9,2.2,0.30000000000000027,2.1,0.13333333333333344,2.2,1.0,2.0,1.0,1.3333333333333333,0.4444444444444444,1.0,0.0,2.0,2.0,0.6666666666666666,0.888888888888889,0.0,0.0,7.0,7.0,4.666666666666667,3.1111111111111107,7.0,0.0,0.0,0.0,0.0,0.0,0.0,4.0,8.0,4.0,6.666666666666667,1.7777777777777777,8.0,0.0,1.0,1.0,0.6666666666666666,0.4444444444444445,1.0,0.0,4.0,4.0,1.3333333333333333,1.777777777777778,0.0,0.0,3.0,3.0,2.0,1.3333333333333333,3.0,0.0,0.0,0.0,0.0,0.0,0.0,4.0,4.0,0.0,4.0,0.0,4.0,13.51,20.44,6.9300000000000015,15.82,3.0800000000000005,13.51,0.0,0.773,0.773,0.25766666666666665,0.3435555555555556,0.0,0.0,0.0,0.0,0.0,0.0,0.0,194.0,227.0,33.0,205.0,14.666666666666666,194.0,Si4-1 Ru2+2,-4,2,6,4.242640687119285,9.539513851322749,13.358417868939542,0.598394813858941
11,Na,194,"Full Formula (Na2)
Reduced Formula: Na
abc   :   3.743392   3.743393   6.091058
angles:  90.000000  90.000000 120.000010
Sites (2)
  #  SP           a         b     c
---  ----  --------  --------  ----
  0  Na    0.333333  0.666667  0.25
  1  Na    0.666667  0.333333  0.75",0.7004887351,3.2782034137,3.507027499,3.7358515843,8.7247973632,8.7355812004,8.7463650377,0.322959488,"[[ 0.08665452 -0.03362598 -0.01330238  0.          0.          0.        ]
 [-0.03362598  0.08874304 -0.01460765  0.          0.          0.        ]
 [-0.01330238 -0.01460765  0.06229031  0.          0.          0.        ]
 [ 0.          0.          0.          0.32658459  0.          0.        ]
 [ 0.          0.          0.          0.          0.3499901   0.        ]
 [ 0.          0.          0.          0.          0.          0.44968579]]","[[14.70853361  6.3348452   4.62665478  0.          0.          0.        ]
 [ 6.3348452  14.44930254  4.74132969  0.          0.          0.        ]
 [ 4.62665478  4.74132969 18.15378987  0.          0.          0.        ]
 [ 0.          0.          0.          3.06199385  0.          0.        ]
 [ 0.          0.          0.          0.          2.85722368  0.        ]
 [ 0.          0.          0.          0.          0.          2.22377494]]","[[14.70853361  6.3348452   4.62665478  0.          0.          0.        ]
 [ 6.3348452  14.44930254  4.74132969  0.          0.          0.        ]
 [ 4.62665478  4.74132969 18.15378987  0.          0.          0.        ]
 [ 0.          0.          0.          3.06199385  0.          0.        ]
 [ 0.          0.          0.          0.          2.85722368  0.        ]
 [ 0.          0.          0.          0.          0.          2.22377494]]",Na1,11.0,11.0,0.0,11.0,0.0,11.0,2.0,2.0,0.0,2.0,0.0,2.0,22.98976928,22.98976928,0.0,22.98976928,0.0,22.98976928,370.87,370.87,0.0,370.87,0.0,370.87,1.0,1.0,0.0,1.0,0.0,1.0,3.0,3.0,0.0,3.0,0.0,3.0,166.0,166.0,0.0,166.0,0.0,166.0,0.93,0.93,0.0,0.93,0.0,0.93,1.0,1.0,0.0,1.0,0.0,1.0,0.0,0.0,0.0,0.0,0.0,0.0,0.0,0.0,0.0,0.0,0.0,0.0,0.0,0.0,0.0,0.0,0.0,0.0,1.0,1.0,0.0,1.0,0.0,1.0,1.0,1.0,0.0,1.0,0.0,1.0,0.0,0.0,0.0,0.0,0.0,0.0,0.0,0.0,0.0,0.0,0.0,0.0,0.0,0.0,0.0,0.0,0.0,0.0,1.0,1.0,0.0,1.0,0.0,1.0,29.2433333333,29.2433333333,0.0,29.2433333333,0.0,29.2433333333,0.0,0.0,0.0,0.0,0.0,0.0,0.0,0.0,0.0,0.0,0.0,0.0,229.0,229.0,0.0,229.0,0.0,229.0,Na0+1,0,0,0,0.0,1.032903301811927,36.959326158211475,0.6609705049746067
12,MgSbPt,216,"Full Formula (Mg4 Sb4 Pt4)
Reduced Formula: MgSbPt
abc   :   6.356203   6.356203   6.356203
angles:  90.000000  90.000000  90.000000
Sites (12)
  #  SP       a     b     c
---  ----  ----  ----  ----
  0  Mg    0     0     0.5
  1  Mg    0     0.5   0
  2  Mg    0.5   0     0
  3  Mg    0.5   0.5   0.5
  4  Sb    0     0     0
  5  Sb    0     0.5   0.5
  6  Sb    0.5   0     0.5
  7  Sb    0.5   0.5   0
  8  Pt    0.75  0.25  0.25
  9  Pt    0.75  0.75  0.75
 10  Pt    0.25  0.25  0.75
 11  Pt    0.25  0.75  0.25",0.0963446407,34.8155232743,35.1509521824,35.4863810905,88.6931427225,88.6931427228,88.693142723,0.3249631122,"[[ 0.01248519 -0.0043635  -0.00436339  0.          0.          0.        ]
 [-0.0043635   0.01248523 -0.00436347  0.          0.          0.        ]
 [-0.00436339 -0.00436347  0.01248512  0.          0.          0.        ]
 [ 0.          0.          0.          0.02540654  0.          0.        ]
 [ 0.          0.          0.          0.          0.02540653  0.        ]
