---
title: 相关系数矩阵及可视化
author: 赵旭山
tags: 随笔
typora-root-url: ..

---



机器学习中特征向量往往是多维的，两个特征之间的关联可以通过相关系数矩阵来表示。

#### 1. 皮尔逊相关系数（Pearson Correlation Coefficient）

皮尔逊相关系数反映了两个特征向量X、Y之间的线性相关度。

$$ r = \frac {\sum_{i=1}^n (X_i-\overline{X})(Y_i-\overline{Y})}{\sqrt{\sum_{i=1}^n(X_i-\overline{X})^2} \sqrt{\sum_{i=1}^n(Y_i-\overline{Y})^2}} $$

$ n $为样本数量，$ X_i $、$ Y_i $为向量$ X $和$ Y $的第$ i $个值，$ \overline{X} $、$ \overline{Y} $为向量$ X $和$ Y $的平均值。

$ r $的取值在-1与1之间。取值为1时，表示两个随机变量之间呈完全线性正相关关系；取值为-1时，表示两个随机变量之间呈完全线性负相关关系；取值为0时，表示两个随机变量之间线性无关。

#### 2. 相关系数计算及可视化

使用[前文](https://yuwenxianglong.github.io/2020/04/05/TensorFlow%E4%B9%8B%E7%89%B9%E5%BE%81%E5%A4%84%E7%90%86%E5%92%8Cfeature_column.html)中的`heart.csv`数据集，利用Pandas读入`csv`数据集：

```python
data = pd.read_csv('heart.csv')
print(data)
```

利用Pandas的`corr`函数计算`correlation coefficients`矩阵：

```python
data_corr = data.corr()
print(data_corr)
```

输出如下，`thal`数据列为`string`字符串类型，计算相关系数矩阵时被自动丢弃了。

```python
               age       sex        cp  trestbps      chol       fbs   restecg   thalach     exang   oldpeak     slope        ca    target
age       1.000000 -0.090748  0.075133  0.296902  0.187935  0.144619  0.145958 -0.388988  0.094736  0.202158  0.151392  0.368525  0.198701
sex      -0.090748  1.000000  0.011498 -0.064115 -0.201717  0.050680  0.035965 -0.070115  0.135680  0.117436  0.033110  0.097593  0.171564
cp        0.075133  0.011498  1.000000 -0.061847  0.115084 -0.089498  0.075996 -0.259882  0.337318  0.179624  0.185050  0.190402  0.381725
trestbps  0.296902 -0.064115 -0.061847  1.000000  0.117326  0.196758  0.141650 -0.062518  0.064429  0.190704  0.113976  0.109502  0.129389
chol      0.187935 -0.201717  0.115084  0.117326  1.000000 -0.003680  0.167450  0.022511  0.052112  0.031203  0.005746  0.098980  0.083327
fbs       0.144619  0.050680 -0.089498  0.196758 -0.003680  1.000000  0.060628 -0.027584 -0.013910  0.025542  0.036353  0.171072  0.097252
restecg   0.145958  0.035965  0.075996  0.141650  0.167450  0.060628  1.000000 -0.065701  0.085440  0.115534  0.139777  0.121652  0.126169
thalach  -0.388988 -0.070115 -0.259882 -0.062518  0.022511 -0.027584 -0.065701  1.000000 -0.379367 -0.340969 -0.361260 -0.270660 -0.386459
exang     0.094736  0.135680  0.337318  0.064429  0.052112 -0.013910  0.085440 -0.379367  1.000000  0.278189  0.245470  0.138042  0.361026
oldpeak   0.202158  0.117436  0.179624  0.190704  0.031203  0.025542  0.115534 -0.340969  0.278189  1.000000  0.566642  0.298974  0.475324
slope     0.151392  0.033110  0.185050  0.113976  0.005746  0.036353  0.139777 -0.361260  0.245470  0.566642  1.000000  0.101242  0.359572
ca        0.368525  0.097593  0.190402  0.109502  0.098980  0.171072  0.121652 -0.270660  0.138042  0.298974  0.101242  1.000000  0.476613
target    0.198701  0.171564  0.381725  0.129389  0.083327  0.097252  0.126169 -0.386459  0.361026  0.475324  0.359572  0.476613  1.000000
```

相关系数矩阵的可视化：

```python
sns.heatmap(data_corr, annot=True)
plt.show()

sns_pairplot = sns.pairplot(data)
sns_pairplot.savefig("pairplot.jpg")
```



![](/assets/images/correlationCoefficientsHeatmap202004071446.jpg)



![](/assets/images/correlationCoefficientsPairplot202004071623.jpg)

#### 3. `pandas.DataFrame.corr()`

`DataFrame.corr(method='pearson', min_periods=1)`，其中：

> - method : 指定相关系数的计算方式，可选性为：{‘pearson’,‘kendall’,‘spearman’}      
>   - pearson :皮尔逊相关系数        
>   - kendall :kendall秩相关系数        
>   - spearman :斯皮尔曼等级相关系数        
> - min_periods : int, optional，指定每列所需的最小观察数，可选，目前只适合用在pearson和spearman方法。

> 线性相关关系通常采用皮尔逊（Pearson）相关系数r来度量连续变量之间线性相关强度
>
> - r>0：线性正相关
> - r<0：线性负相关
> - r=0：两个变量之间不存在线性关系（并不代表两个变量之间不存在任何关系）
>
> 线性相关系数 &#124 r &#124 的取值范围：
>
> - 低度相关：0 <= r<= 0.3
> - 中度相关：0.3 <= r<= 0.8
> - 高度相关：0.8 <= r<= 1

#### References：

* [相关系数矩阵与热力图heatmap(Python高级可视化库seaborn)](https://blog.csdn.net/cymy001/article/details/79576019)
* [皮尔逊相关系数（Pearson Correlation Coefficient，Pearson's r）](https://www.cnblogs.com/HuZihu/p/10183502.html)
* [使用Python进行相关性分析](https://www.codercto.com/a/26515.html)
* [pandas.DataFrame.corr](https://pandas.pydata.org/pandas-docs/stable/reference/api/pandas.DataFrame.corr.html)

